{
 "cells": [
  {
   "cell_type": "code",
   "execution_count": 1,
   "id": "f6f74eca",
   "metadata": {},
   "outputs": [
    {
     "data": {
      "text/plain": [
       "array([[0.67857143, 0.94540943, 0.1984127 ],\n",
       "       [0.74369748, 0.7146402 , 0.15079365],\n",
       "       [0.34243697, 0.47394541, 0.15674603],\n",
       "       [0.71008403, 0.60297767, 0.18650794],\n",
       "       [0.32773109, 0.33498759, 0.08928571]])"
      ]
     },
     "execution_count": 1,
     "metadata": {},
     "output_type": "execute_result"
    }
   ],
   "source": [
    "import numpy as np\n",
    "import pandas as pd\n",
    "\n",
    "from rice_ml.supervised_learning import (euclidean_distance, manhattan_distance)\n",
    "\n",
    "df = pd.read_csv(\"../data/lesions_processed.csv\")\n",
    "\n",
    "X = df[[\"x_norm\", \"y_norm\", \"slice_norm\"]].values\n",
    "X[:5]\n"
   ]
  },
  {
   "cell_type": "code",
   "execution_count": 2,
   "id": "9fc401cb",
   "metadata": {},
   "outputs": [
    {
     "data": {
      "text/plain": [
       "(0.24446556814671871, 0.3435143288084467)"
      ]
     },
     "execution_count": 2,
     "metadata": {},
     "output_type": "execute_result"
    }
   ],
   "source": [
    "#compare distance\n",
    "a = X[0]\n",
    "b = X[1]\n",
    "\n",
    "euclidean_distance(a, b), manhattan_distance(a, b)\n"
   ]
  },
  {
   "cell_type": "code",
   "execution_count": 3,
   "id": "b31929f6",
   "metadata": {},
   "outputs": [
    {
     "name": "stdout",
     "output_type": "stream",
     "text": [
      "Points 0-1: Euclidean=0.2445, Manhattan=0.3435\n",
      "Points 0-2: Euclidean=0.5805, Manhattan=0.8493\n",
      "Points 1-3: Euclidean=0.1220, Manhattan=0.1810\n"
     ]
    }
   ],
   "source": [
    "#comapare across multi points\n",
    "pairs = [(0, 1), (0, 2), (1, 3)]\n",
    "\n",
    "for i, j in pairs:\n",
    "    e = euclidean_distance(X[i], X[j])\n",
    "    m = manhattan_distance(X[i], X[j])\n",
    "    print(f\"Points {i}-{j}: Euclidean={e:.4f}, Manhattan={m:.4f}\")\n"
   ]
  },
  {
   "cell_type": "code",
   "execution_count": 4,
   "id": "604e8c11",
   "metadata": {},
   "outputs": [
    {
     "data": {
      "text/plain": [
       "(array([[0.        , 0.24446557, 0.5805177 , 0.3440847 , 0.71246927],\n",
       "        [0.24446557, 0.        , 0.46795235, 0.12195858, 0.56652216],\n",
       "        [0.5805177 , 0.46795235, 0.        , 0.39076778, 0.15516582],\n",
       "        [0.3440847 , 0.12195858, 0.39076778, 0.        , 0.4769325 ],\n",
       "        [0.71246927, 0.56652216, 0.15516582, 0.4769325 , 0.        ]]),\n",
       " array([[0.        , 0.34351433, 0.84926514, 0.38584913, 1.07038916],\n",
       "        [0.34351433, 0.        , 0.64790767, 0.18099026, 0.85712693],\n",
       "        [0.84926514, 0.64790767, 0.        , 0.52644122, 0.22112402],\n",
       "        [0.38584913, 0.18099026, 0.52644122, 0.        , 0.74756524],\n",
       "        [1.07038916, 0.85712693, 0.22112402, 0.74756524, 0.        ]]))"
      ]
     },
     "execution_count": 4,
     "metadata": {},
     "output_type": "execute_result"
    }
   ],
   "source": [
    "#distance matrix\n",
    "n = 5\n",
    "D_euc = np.zeros((n, n))\n",
    "D_man = np.zeros((n, n))\n",
    "\n",
    "for i in range(n):\n",
    "    for j in range(n):\n",
    "        D_euc[i, j] = euclidean_distance(X[i], X[j])\n",
    "        D_man[i, j] = manhattan_distance(X[i], X[j])\n",
    "\n",
    "D_euc, D_man\n"
   ]
  }
 ],
 "metadata": {
  "kernelspec": {
   "display_name": ".venv",
   "language": "python",
   "name": "python3"
  },
  "language_info": {
   "codemirror_mode": {
    "name": "ipython",
    "version": 3
   },
   "file_extension": ".py",
   "mimetype": "text/x-python",
   "name": "python",
   "nbconvert_exporter": "python",
   "pygments_lexer": "ipython3",
   "version": "3.13.9"
  }
 },
 "nbformat": 4,
 "nbformat_minor": 5
}
